 0.0100    0.0233    0.0021   84.7903    2.3363   23.8156    0.0682
 0.0200    0.0682    0.0063   84.6772    4.5135   22.1940    0.0681
 0.0300    0.1305    0.0122   84.5939    6.2534   17.7355    0.0681
 0.0400    0.2046    0.0193   84.5227    7.4429   12.1265    0.0680
 0.0500    0.2857    0.0272   84.4569    8.1535    7.2437    0.0680
 0.0600    0.3707    0.0355   84.3933    8.5380    3.9209    0.0680
 0.0700    0.4576    0.0441   84.3304    8.7336    1.9964    0.0679
 0.0800    0.5454    0.0530   84.2676    8.8298    0.9852    0.0679
 0.0900    0.6338    0.0619   84.2043    8.8763    0.4840    0.0679
 0.1000    0.7223    0.0710   84.1405    8.8986    0.2485    0.0678
 0.1100    0.8109    0.0802   84.0761    8.9092    0.1492    0.0678
 0.1200    0.8995    0.0895   84.0110    8.9144    0.1158    0.0677
 0.1300    0.9882    0.0989   83.9453    8.9169    0.1075    0.0677
 0.1400    1.0769    0.1084   83.8788    8.9182    0.1063    0.0677
 0.1500    1.1656    0.1180   83.8116    8.9189    0.1069    0.0676
 0.1600    1.2542    0.1278   83.7437    8.9193    0.1079    0.0676
 0.1700    1.3429    0.1376   83.6750    8.9196    0.1090    0.0676
 0.1800    1.4315    0.1475   83.6056    8.9198    0.1102    0.0675
 0.1900    1.5202    0.1576   83.5354    8.9200    0.1114    0.0675
 0.2000    1.6088    0.1677   83.4645    8.9202    0.1126    0.0674
 0.2100    1.6974    0.1780   83.3927    8.9204    0.1138    0.0674
 0.2200    1.7860    0.1884   83.3202    8.9206    0.1151    0.0674
 0.2300    1.8746    0.1988   83.2470    8.9207    0.1163    0.0673
 0.2400    1.9632    0.2095   83.1729    8.9209    0.1176    0.0673
 0.2500    2.0517    0.2202   83.0980    8.9211    0.1189    0.0673
 0.2600    2.1403    0.2310   83.0223    8.9213    0.1202    0.0672
 0.2700    2.2288    0.2420   82.9457    8.9214    0.1215    0.0672
 0.2800    2.3173    0.2530   82.8683    8.9216    0.1228    0.0671
 0.2900    2.4058    0.2642   82.7901    8.9218    0.1242    0.0671
 0.3000    2.4943    0.2756   82.7111    8.9220    0.1255    0.0671
 0.3100    2.5828    0.2870   82.6311    8.9222    0.1269    0.0670
 0.3200    2.6713    0.2986   82.5503    8.9223    0.1283    0.0670
 0.3300    2.7598    0.3103   82.4687    8.9225    0.1297    0.0669
 0.3400    2.8482    0.3221   82.3861    8.9227    0.1311    0.0669
 0.3500    2.9366    0.3340   82.3026    8.9229    0.1325    0.0669
 0.3600    3.0250    0.3461   82.2183    8.9231    0.1340    0.0668
 0.3700    3.1134    0.3583   82.1330    8.9232    0.1354    0.0668
 0.3800    3.2018    0.3707   82.0468    8.9234    0.1369    0.0668
 0.3900    3.2902    0.3832   81.9596    8.9236    0.1384    0.0667
 0.4000    3.3785    0.3958   81.8715    8.9238    0.1399    0.0667
 0.4100    3.4668    0.4085   81.7825    8.9240    0.1414    0.0666
 0.4200    3.5551    0.4214   81.6924    8.9242    0.1429    0.0666
 0.4300    3.6434    0.4345   81.6014    8.9244    0.1445    0.0666
 0.4400    3.7317    0.4476   81.5095    8.9245    0.1461    0.0665
 0.4500    3.8199    0.4610   81.4165    8.9247    0.1477    0.0665
 0.4600    3.9082    0.4744   81.3225    8.9249    0.1493    0.0665
 0.4700    3.9964    0.4880   81.2275    8.9251    0.1509    0.0664
 0.4800    4.0845    0.5018   81.1314    8.9253    0.1525    0.0664
 0.4900    4.1727    0.5157   81.0343    8.9255    0.1542    0.0663
 0.5000    4.2609    0.5298   80.9362    8.9257    0.1559    0.0663
 0.5100    4.3490    0.5440   80.8370    8.9259    0.1575    0.0663
 0.5200    4.4371    0.5584   80.7367    8.9261    0.1593    0.0662
 0.5300    4.5251    0.5729   80.6353    8.9263    0.1610    0.0662
 0.5400    4.6132    0.5876   80.5329    8.9265    0.1627    0.0662
 0.5500    4.7012    0.6024   80.4293    8.9267    0.1645    0.0661
 0.5600    4.7892    0.6174   80.3246    8.9269    0.1663    0.0661
 0.5700    4.8772    0.6326   80.2188    8.9271    0.1681    0.0660
 0.5800    4.9651    0.6479   80.1118    8.9273    0.1699    0.0660
 0.5900    5.0531    0.6634   80.0037    8.9275    0.1717    0.0660
 0.6000    5.1409    0.6791   79.8945    8.9277    0.1736    0.0659
 0.6100    5.2288    0.6949   79.7840    8.9279    0.1755    0.0659
 0.6200    5.3166    0.7109   79.6723    8.9281    0.1774    0.0658
 0.6300    5.4045    0.7271   79.5595    8.9283    0.1793    0.0658
 0.6400    5.4922    0.7434   79.4454    8.9285    0.1812    0.0658
 0.6500    5.5800    0.7600   79.3301    8.9287    0.1832    0.0657
 0.6600    5.6677    0.7767   79.2135    8.9289    0.1852    0.0657
 0.6700    5.7554    0.7936   79.0957    8.9291    0.1872    0.0657
 0.6800    5.8430    0.8106   78.9766    8.9294    0.1892    0.0656
 0.6900    5.9306    0.8279   78.8563    8.9296    0.1912    0.0656
 0.7000    6.0182    0.8453   78.7346    8.9298    0.1933    0.0655
 0.7100    6.1057    0.8630   78.6117    8.9300    0.1954    0.0655
 0.7200    6.1932    0.8808   78.4874    8.9302    0.1975    0.0655
 0.7300    6.2807    0.8988   78.3618    8.9305    0.1996    0.0654
 0.7400    6.3681    0.9170   78.2348    8.9307    0.2017    0.0654
 0.7500    6.4555    0.9354   78.1065    8.9309    0.2039    0.0654
 0.7600    6.5429    0.9540   77.9768    8.9311    0.2061    0.0653
 0.7700    6.6302    0.9728   77.8457    8.9314    0.2083    0.0653
 0.7800    6.7175    0.9919   77.7132    8.9316    0.2106    0.0652
 0.7900    6.8047    1.0111   77.5793    8.9318    0.2128    0.0652
 0.8000    6.8919    1.0305   77.4439    8.9321    0.2151    0.0652
 0.8100    6.9790    1.0501   77.3071    8.9323    0.2174    0.0651
 0.8200    7.0661    1.0699   77.1689    8.9325    0.2197    0.0651
 0.8300    7.1532    1.0900   77.0291    8.9328    0.2221    0.0651
 0.8400    7.2402    1.1103   76.8879    8.9330    0.2245    0.0650
 0.8500    7.3271    1.1307   76.7452    8.9332    0.2269    0.0650
 0.8600    7.4140    1.1514   76.6009    8.9335    0.2293    0.0649
 0.8700    7.5009    1.1724   76.4551    8.9337    0.2317    0.0649
 0.8800    7.5877    1.1935   76.3078    8.9340    0.2342    0.0649
 0.8900    7.6744    1.2149   76.1589    8.9342    0.2367    0.0648
 0.9000    7.7611    1.2365   76.0084    8.9345    0.2392    0.0648
 0.9100    7.8478    1.2583   75.8563    8.9347    0.2418    0.0647
 0.9200    7.9343    1.2804   75.7025    8.9350    0.2444    0.0647
 0.9300    8.0209    1.3027   75.5472    8.9353    0.2470    0.0647
 0.9400    8.1073    1.3252   75.3902    8.9355    0.2496    0.0646
 0.9500    8.1937    1.3480   75.2315    8.9358    0.2522    0.0646
 0.9600    8.2801    1.3710   75.0712    8.9361    0.2549    0.0646
 0.9700    8.3664    1.3943   74.9092    8.9363    0.2576    0.0645
 0.9800    8.4526    1.4178   74.7454    8.9366    0.2604    0.0645
 0.9900    8.5387    1.4416   74.5799    8.9369    0.2631    0.0644
 1.0000    8.6248    1.4656   74.4127    8.9371    0.2659    0.0644
 1.0100    8.7108    1.4899   74.2437    8.9374    0.2687    0.0644
 1.0200    8.7968    1.5144   74.0729    8.9377    0.2716    0.0643
 1.0300    8.8827    1.5392   73.9004    8.9380    0.2744    0.0643
 1.0400    8.9685    1.5642   73.7260    8.9383    0.2773    0.0643
 1.0500    9.0542    1.5895   73.5498    8.9386    0.2802    0.0642
 1.0600    9.1398    1.6151   73.3717    8.9389    0.2832    0.0642
 1.0700    9.2254    1.6410   73.1918    8.9392    0.2862    0.0641
 1.0800    9.3109    1.6671   73.0100    8.9395    0.2892    0.0641
 1.0900    9.3963    1.6935   72.8262    8.9398    0.2922    0.0641
 1.1000    9.4816    1.7201   72.6406    8.9401    0.2953    0.0640
 1.1100    9.5669    1.7471   72.4530    8.9404    0.2984    0.0640
 1.1200    9.6520    1.7743   72.2635    8.9407    0.3015    0.0640
 1.1300    9.7371    1.8019   72.0720    8.9410    0.3047    0.0639
 1.1400    9.8221    1.8297   71.8785    8.9413    0.3078    0.0639
 1.1500    9.9070    1.8578   71.6830    8.9417    0.3110    0.0638
 1.1600    9.9918    1.8862   71.4854    8.9420    0.3143    0.0638
 1.1700   10.0765    1.9149   71.2858    8.9423    0.3176    0.0638
 1.1800   10.1611    1.9438   71.0842    8.9426    0.3209    0.0637
 1.1900   10.2456    1.9731   70.8804    8.9430    0.3242    0.0637
 1.2000   10.3299    2.0027   70.6746    8.9433    0.3276    0.0636
 1.2100   10.4142    2.0326   70.4666    8.9437    0.3309    0.0636
 1.2200   10.4984    2.0629   70.2565    8.9440    0.3344    0.0636
 1.2300   10.5825    2.0934   70.0442    8.9444    0.3378    0.0635
 1.2400   10.6665    2.1242   69.8297    8.9447    0.3413    0.0635
 1.2500   10.7503    2.1554   69.6130    8.9451    0.3448    0.0635
 1.2600   10.8340    2.1869   69.3942    8.9455    0.3484    0.0634
 1.2700   10.9176    2.2187   69.1730    8.9458    0.3520    0.0634
 1.2800   11.0011    2.2508   68.9496    8.9462    0.3556    0.0633
 1.2900   11.0845    2.2833   68.7240    8.9466    0.3592    0.0633
 1.3000   11.1677    2.3161   68.4960    8.9470    0.3629    0.0633
 1.3100   11.2509    2.3492   68.2657    8.9474    0.3666    0.0632
 1.3200   11.3338    2.3827   68.0331    8.9477    0.3703    0.0632
 1.3300   11.4167    2.4165   67.7982    8.9481    0.3741    0.0632
 1.3400   11.4994    2.4506   67.5608    8.9485    0.3779    0.0631
 1.3500   11.5820    2.4851   67.3211    8.9490    0.3817    0.0631
 1.3600   11.6644    2.5200   67.0789    8.9494    0.3856    0.0630
 1.3700   11.7467    2.5552   66.8343    8.9498    0.3895    0.0630
 1.3800   11.8288    2.5908   66.5873    8.9502    0.3934    0.0630
 1.3900   11.9108    2.6267   66.3377    8.9506    0.3974    0.0629
 1.4000   11.9926    2.6630   66.0857    8.9511    0.4014    0.0629
 1.4100   12.0743    2.6996   65.8312    8.9515    0.4054    0.0629
 1.4200   12.1558    2.7366   65.5741    8.9520    0.4094    0.0628
 1.4300   12.2371    2.7740   65.3145    8.9524    0.4135    0.0628
 1.4400   12.3183    2.8118   65.0523    8.9529    0.4177    0.0627
 1.4500   12.3993    2.8499   64.7875    8.9533    0.4218    0.0627
 1.4600   12.4801    2.8885   64.5201    8.9538    0.4260    0.0627
 1.4700   12.5608    2.9274   64.2501    8.9543    0.4302    0.0626
 1.4800   12.6413    2.9666   63.9774    8.9548    0.4345    0.0626
 1.4900   12.7215    3.0063   63.7020    8.9552    0.4387    0.0625
 1.5000   12.8016    3.0464   63.4240    8.9557    0.4431    0.0625
 1.5100   12.8815    3.0868   63.1432    8.9562    0.4474    0.0625
 1.5200   12.9613    3.1277   62.8597    8.9567    0.4518    0.0624
 1.5300   13.0408    3.1690   62.5734    8.9573    0.4562    0.0624
 1.5400   13.1201    3.2106   62.2844    8.9578    0.4606    0.0624
 1.5500   13.1991    3.2527   61.9926    8.9583    0.4651    0.0623
 1.5600   13.2780    3.2952   61.6980    8.9588    0.4696    0.0623
 1.5700   13.3567    3.3381   61.4005    8.9594    0.4741    0.0622
 1.5800   13.4351    3.3814   61.1003    8.9599    0.4787    0.0622
 1.5900   13.5133    3.4251   60.7971    8.9605    0.4833    0.0622
 1.6000   13.5913    3.4692   60.4911    8.9611    0.4879    0.0621
 1.6100   13.6691    3.5138   60.1821    8.9616    0.4926    0.0621
 1.6200   13.7466    3.5588   59.8703    8.9622    0.4973    0.0621
 1.6300   13.8239    3.6042   59.5555    8.9628    0.5020    0.0620
 1.6400   13.9009    3.6500   59.2378    8.9634    0.5067    0.0620
 1.6500   13.9777    3.6963   58.9170    8.9640    0.5115    0.0619
 1.6600   14.0542    3.7430   58.5933    8.9646    0.5163    0.0619
 1.6700   14.1304    3.7902   58.2666    8.9652    0.5211    0.0619
 1.6800   14.2064    3.8378   57.9369    8.9659    0.5260    0.0618
 1.6900   14.2821    3.8858   57.6041    8.9665    0.5309    0.0618
 1.7000   14.3575    3.9343   57.2683    8.9672    0.5358    0.0618
 1.7100   14.4327    3.9832   56.9294    8.9678    0.5407    0.0617
 1.7200   14.5076    4.0326   56.5874    8.9685    0.5457    0.0617
 1.7300   14.5821    4.0824   56.2423    8.9692    0.5507    0.0616
 1.7400   14.6564    4.1327   55.8941    8.9698    0.5557    0.0616
 1.7500   14.7304    4.1835   55.5428    8.9705    0.5607    0.0616
 1.7600   14.8040    4.2347   55.1883    8.9712    0.5658    0.0615
 1.7700   14.8774    4.2864   54.8307    8.9719    0.5709    0.0615
 1.7800   14.9504    4.3385   54.4698    8.9727    0.5760    0.0614
 1.7900   15.0231    4.3911   54.1058    8.9734    0.5812    0.0614
 1.8000   15.0954    4.4442   53.7386    8.9741    0.5863    0.0614
 1.8100   15.1675    4.4978   53.3682    8.9749    0.5915    0.0613
 1.8200   15.2391    4.5518   52.9945    8.9756    0.5967    0.0613
 1.8300   15.3105    4.6063   52.6177    8.9764    0.6019    0.0613
 1.8400   15.3814    4.6613   52.2375    8.9772    0.6072    0.0612
 1.8500   15.4520    4.7167   51.8541    8.9780    0.6124    0.0612
 1.8600   15.5223    4.7727   51.4675    8.9788    0.6177    0.0611
 1.8700   15.5921    4.8291   51.0775    8.9796    0.6230    0.0611
 1.8800   15.6616    4.8860   50.6843    8.9804    0.6283    0.0611
 1.8900   15.7307    4.9434   50.2878    8.9813    0.6336    0.0610
 1.9000   15.7994    5.0012   49.8880    8.9821    0.6390    0.0610
 1.9100   15.8677    5.0596   49.4848    8.9830    0.6443    0.0610
 1.9200   15.9356    5.1184   49.0784    8.9838    0.6497    0.0609
 1.9300   16.0030    5.1778   48.6686    8.9847    0.6551    0.0609
 1.9400   16.0701    5.2376   48.2555    8.9856    0.6604    0.0608
 1.9500   16.1367    5.2979   47.8390    8.9865    0.6658    0.0608
 1.9600   16.2029    5.3587   47.4193    8.9874    0.6713    0.0608
 1.9700   16.2686    5.4200   46.9961    8.9884    0.6767    0.0607
 1.9800   16.3339    5.4818   46.5697    8.9893    0.6821    0.0607
 1.9900   16.3987    5.5441   46.1399    8.9903    0.6875    0.0607
 2.0000   16.4631    5.6069   45.7067    8.9912    0.6929    0.0606
 2.0100   16.5270    5.6702   45.2702    8.9922    0.6984    0.0606
 2.0200   16.5904    5.7340   44.8303    8.9932    0.7038    0.0605
 2.0300   16.6533    5.7983   44.3871    8.9942    0.7092    0.0605
 2.0400   16.7157    5.8630   43.9406    8.9952    0.7147    0.0605
 2.0500   16.7776    5.9283   43.4907    8.9962    0.7201    0.0604
 2.0600   16.8390    5.9941   43.0375    8.9973    0.7255    0.0604
 2.0700   16.8999    6.0603   42.5809    8.9983    0.7309    0.0603
 2.0800   16.9603    6.1271   42.1210    8.9994    0.7364    0.0603
 2.0900   17.0201    6.1943   41.6578    9.0004    0.7418    0.0603
 2.1000   17.0794    6.2620   41.1913    9.0015    0.7472    0.0602
 2.1100   17.1381    6.3303   40.7214    9.0026    0.7526    0.0602
 2.1200   17.1963    6.3990   40.2483    9.0037    0.7579    0.0602
 2.1300   17.2539    6.4682   39.7719    9.0049    0.7633    0.0601
 2.1400   17.3109    6.5379   39.2922    9.0060    0.7686    0.0601
 2.1500   17.3674    6.6081   38.8092    9.0071    0.7740    0.0600
 2.1600   17.4232    6.6788   38.3230    9.0083    0.7793    0.0600
 2.1700   17.4785    6.7499   37.8336    9.0095    0.7846    0.0600
 2.1800   17.5331    6.8216   37.3409    9.0107    0.7898    0.0599
 2.1900   17.5872    6.8937   36.8451    9.0119    0.7951    0.0599
 2.2000   17.6406    6.9663   36.3460    9.0131    0.8003    0.0599
 2.2100   17.6934    7.0393   35.8438    9.0143    0.8055    0.0598
 2.2200   17.7455    7.1129   35.3384    9.0156    0.8107    0.0598
 2.2300   17.7970    7.1869   34.8299    9.0168    0.8158    0.0597
 2.2400   17.8479    7.2614   34.3182    9.0181    0.8209    0.0597
 2.2500   17.8980    7.3363   33.8035    9.0194    0.8260    0.0597
 2.2600   17.9475    7.4117   33.2858    9.0206    0.8310    0.0596
 2.2700   17.9964    7.4876   32.7650    9.0219    0.8360    0.0596
 2.2800   18.0445    7.5639   32.2411    9.0233    0.8410    0.0596
 2.2900   18.0920    7.6407   31.7144    9.0246    0.8459    0.0595
 2.3000   18.1387    7.7179   31.1846    9.0259    0.8507    0.0595
 2.3100   18.1847    7.7956   30.6519    9.0273    0.8556    0.0594
 2.3200   18.2300    7.8737   30.1164    9.0286    0.8603    0.0594
 2.3300   18.2746    7.9522   29.5779    9.0300    0.8651    0.0594
 2.3400   18.3184    8.0312   29.0367    9.0314    0.8697    0.0593
 2.3500   18.3615    8.1106   28.4926    9.0328    0.8744    0.0593
 2.3600   18.4039    8.1904   27.9458    9.0342    0.8789    0.0592
 2.3700   18.4454    8.2706   27.3963    9.0356    0.8835    0.0592
 2.3800   18.4862    8.3512   26.8441    9.0371    0.8879    0.0592
 2.3900   18.5263    8.4323   26.2892    9.0385    0.8923    0.0591
 2.4000   18.5655    8.5137   25.7317    9.0400    0.8966    0.0591
 2.4100   18.6040    8.5955   25.1717    9.0415    0.9009    0.0591
 2.4200   18.6416    8.6777   24.6092    9.0429    0.9051    0.0590
 2.4300   18.6785    8.7603   24.0442    9.0444    0.9092    0.0590
 2.4400   18.7145    8.8433   23.4767    9.0459    0.9133    0.0589
 2.4500   18.7497    8.9266   22.9069    9.0474    0.9173    0.0589
 2.4600   18.7841    9.0103   22.3347    9.0490    0.9212    0.0589
 2.4700   18.8177    9.0944   21.7602    9.0505    0.9250    0.0588
 2.4800   18.8504    9.1788   21.1835    9.0520    0.9288    0.0588
 2.4900   18.8822    9.2635   20.6047    9.0536    0.9325    0.0588
 2.5000   18.9132    9.3486   20.0236    9.0551    0.9361    0.0587
 2.5100   18.9434    9.4340   19.4405    9.0567    0.9396    0.0587
 2.5200   18.9727    9.5197   18.8554    9.0583    0.9431    0.0586
 2.5300   19.0011    9.6058   18.2683    9.0598    0.9464    0.0586
 2.5400   19.0286    9.6921   17.6792    9.0614    0.9497    0.0586
 2.5500   19.0552    9.7787   17.0883    9.0630    0.9528    0.0585
 2.5600   19.0810    9.8657   16.4956    9.0646    0.9559    0.0585
 2.5700   19.1058    9.9529   15.9012    9.0663    0.9589    0.0585
 2.5800   19.1297   10.0403   15.3050    9.0679    0.9618    0.0584
 2.5900   19.1528   10.1280   14.7073    9.0695    0.9646    0.0584
 2.6000   19.1749   10.2160   14.1079    9.0711    0.9673    0.0583
 2.6100   19.1961   10.3042   13.5071    9.0728    0.9699    0.0583
 2.6200   19.2163   10.3927   12.9048    9.0744    0.9724    0.0583
 2.6300   19.2357   10.4814   12.3011    9.0761    0.9748    0.0582
 2.6400   19.2541   10.5703   11.6962    9.0777    0.9771    0.0582
 2.6500   19.2715   10.6594   11.0899    9.0794    0.9793    0.0581
 2.6600   19.2880   10.7486   10.4825    9.0810    0.9814    0.0581
 2.6700   19.3036   10.8381    9.8740    9.0827    0.9834    0.0581
 2.6800   19.3182   10.9278    9.2644    9.0844    0.9853    0.0580
 2.6900   19.3319   11.0176    8.6539    9.0860    0.9870    0.0580
 2.7000   19.3446   11.1076    8.0424    9.0877    0.9887    0.0580
 2.7100   19.3564   11.1977    7.4301    9.0894    0.9902    0.0579
 2.7200   19.3672   11.2880    6.8170    9.0911    0.9917    0.0579
 2.7300   19.3770   11.3784    6.2032    9.0927    0.9930    0.0578
 2.7400   19.3859   11.4689    5.5888    9.0944    0.9942    0.0578
 2.7500   19.3937   11.5595    4.9738    9.0961    0.9953    0.0578
 2.7600   19.4007   11.6502    4.3583    9.0978    0.9963    0.0577
 2.7700   19.4066   11.7410    3.7424    9.0995    0.9972    0.0577
 2.7800   19.4116   11.8319    3.1261    9.1011    0.9979    0.0577
 2.7900   19.4155   11.9229    2.5095    9.1028    0.9986    0.0576
 2.8000   19.4186   12.0138    1.8927    9.1045    0.9991    0.0576
 2.8100   19.4206   12.1049    1.2758    9.1062    0.9995    0.0575
 2.8200   19.4216   12.1960    0.6588    9.1079    0.9998    0.0575
 2.8300   19.4217   12.2871    0.0419    9.1095    1.0000    0.0575
 2.8400   19.4208   12.3782   -0.5751    9.1112    1.0001    0.0574
 2.8500   19.4189   12.4693   -1.1918    9.1129    1.0000    0.0574
 2.8600   19.4160   12.5604   -1.8084    9.1145    0.9999    0.0574
 2.8700   19.4122   12.6515   -2.4246    9.1162    0.9996    0.0573
 2.8800   19.4073   12.7425   -3.0406    9.1178    0.9992    0.0573
 2.8900   19.4015   12.8335   -3.6560    9.1195    0.9987    0.0572
 2.9000   19.3947   12.9245   -4.2710    9.1211    0.9980    0.0572
 2.9100   19.3869   13.0154   -4.8855    9.1228    0.9973    0.0572
 2.9200   19.3782   13.1062   -5.4992    9.1244    0.9964    0.0571
 2.9300   19.3685   13.1969   -6.1123    9.1260    0.9955    0.0571
 2.9400   19.3578   13.2876   -6.7246    9.1277    0.9944    0.0570
 2.9500   19.3461   13.3781   -7.3361    9.1293    0.9932    0.0570
 2.9600   19.3335   13.4686   -7.9466    9.1309    0.9919    0.0570
 2.9700   19.3199   13.5589   -8.5562    9.1325    0.9905    0.0569
 2.9800   19.3054   13.6490   -9.1647    9.1341    0.9889    0.0569
 2.9900   19.2899   13.7391   -9.7721    9.1357    0.9873    0.0569
 3.0000   19.2734   13.8289   -10.3783    9.1372    0.9856    0.0568
 3.0100   19.2560   13.9187   -10.9833    9.1388    0.9837    0.0568
 3.0200   19.2376   14.0082   -11.5870    9.1404    0.9817    0.0567
 3.0300   19.2183   14.0976   -12.1893    9.1419    0.9797    0.0567
 3.0400   19.1981   14.1867   -12.7902    9.1435    0.9775    0.0567
 3.0500   19.1769   14.2757   -13.3896    9.1450    0.9752    0.0566
 3.0600   19.1548   14.3644   -13.9874    9.1465    0.9729    0.0566
 3.0700   19.1318   14.4530   -14.5836    9.1480    0.9704    0.0566
 3.0800   19.1078   14.5413   -15.1782    9.1495    0.9678    0.0565
 3.0900   19.0829   14.6293   -15.7710    9.1510    0.9652    0.0565
 3.1000   19.0572   14.7172   -16.3620    9.1525    0.9624    0.0564
 3.1100   19.0305   14.8047   -16.9511    9.1539    0.9596    0.0564
 3.1200   19.0029   14.8920   -17.5384    9.1554    0.9566    0.0564
 3.1300   18.9744   14.9790   -18.1237    9.1568    0.9536    0.0563
 3.1400   18.9450   15.0658   -18.7070    9.1582    0.9504    0.0563
 3.1500   18.9148   15.1522   -19.2882    9.1596    0.9472    0.0563
 3.1600   18.8836   15.2384   -19.8673    9.1610    0.9439    0.0562
 3.1700   18.8516   15.3243   -20.4443    9.1624    0.9405    0.0562
 3.1800   18.8188   15.4098   -21.0190    9.1638    0.9371    0.0561
 3.1900   18.7850   15.4950   -21.5915    9.1652    0.9335    0.0561
 3.2000   18.7505   15.5799   -22.1617    9.1665    0.9299    0.0561
 3.2100   18.7150   15.6645   -22.7295    9.1678    0.9262    0.0560
 3.2200   18.6788   15.7487   -23.2949    9.1692    0.9224    0.0560
 3.2300   18.6417   15.8326   -23.8578    9.1705    0.9185    0.0559
 3.2400   18.6038   15.9161   -24.4183    9.1718    0.9146    0.0559
 3.2500   18.5650   15.9992   -24.9762    9.1730    0.9106    0.0559
 3.2600   18.5255   16.0820   -25.5316    9.1743    0.9065    0.0558
 3.2700   18.4852   16.1644   -26.0844    9.1756    0.9024    0.0558
 3.2800   18.4440   16.2464   -26.6345    9.1768    0.8982    0.0558
 3.2900   18.4021   16.3281   -27.1819    9.1780    0.8939    0.0557
 3.3000   18.3594   16.4093   -27.7267    9.1792    0.8896    0.0557
 3.3100   18.3159   16.4902   -28.2686    9.1804    0.8852    0.0556
 3.3200   18.2717   16.5707   -28.8078    9.1816    0.8808    0.0556
 3.3300   18.2267   16.6507   -29.3441    9.1827    0.8763    0.0556
 3.3400   18.1809   16.7303   -29.8776    9.1839    0.8717    0.0555
 3.3500   18.1344   16.8095   -30.4083    9.1850    0.8671    0.0555
 3.3600   18.0872   16.8883   -30.9360    9.1861    0.8625    0.0555
 3.3700   18.0392   16.9667   -31.4607    9.1872    0.8578    0.0554
 3.3800   17.9906   17.0446   -31.9825    9.1883    0.8530    0.0554
 3.3900   17.9412   17.1221   -32.5014    9.1894    0.8482    0.0553
 3.4000   17.8911   17.1992   -33.0172    9.1904    0.8434    0.0553
 3.4100   17.8404   17.2758   -33.5299    9.1915    0.8385    0.0553
 3.4200   17.7889   17.3520   -34.0396    9.1925    0.8336    0.0552
 3.4300   17.7368   17.4277   -34.5463    9.1935    0.8287    0.0552
 3.4400   17.6840   17.5030   -35.0498    9.1945    0.8237    0.0552
 3.4500   17.6305   17.5778   -35.5502    9.1955    0.8187    0.0551
 3.4600   17.5764   17.6522   -36.0475    9.1964    0.8136    0.0551
 3.4700   17.5216   17.7261   -36.5416    9.1974    0.8086    0.0550
 3.4800   17.4662   17.7995   -37.0325    9.1983    0.8034    0.0550
 3.4900   17.4102   17.8725   -37.5203    9.1993    0.7983    0.0550
 3.5000   17.3535   17.9449   -38.0048    9.2002    0.7932    0.0549
 3.5100   17.2963   18.0170   -38.4862    9.2010    0.7880    0.0549
 3.5200   17.2384   18.0885   -38.9643    9.2019    0.7828    0.0548
 3.5300   17.1800   18.1596   -39.4392    9.2028    0.7776    0.0548
 3.5400   17.1209   18.2302   -39.9109    9.2036    0.7723    0.0548
 3.5500   17.0613   18.3003   -40.3793    9.2045    0.7671    0.0547
 3.5600   17.0011   18.3699   -40.8444    9.2053    0.7618    0.0547
 3.5700   16.9403   18.4391   -41.3063    9.2061    0.7565    0.0547
 3.5800   16.8790   18.5078   -41.7649    9.2069    0.7512    0.0546
 3.5900   16.8171   18.5760   -42.2202    9.2076    0.7459    0.0546
 3.6000   16.7547   18.6437   -42.6723    9.2084    0.7406    0.0545
 3.6100   16.6917   18.7109   -43.1210    9.2092    0.7353    0.0545
 3.6200   16.6283   18.7776   -43.5665    9.2099    0.7299    0.0545
 3.6300   16.5643   18.8439   -44.0086    9.2106    0.7246    0.0544
 3.6400   16.4998   18.9096   -44.4475    9.2113    0.7192    0.0544
 3.6500   16.4348   18.9749   -44.8831    9.2120    0.7139    0.0544
 3.6600   16.3693   19.0397   -45.3154    9.2127    0.7086    0.0543
 3.6700   16.3033   19.1040   -45.7444    9.2134    0.7032    0.0543
 3.6800   16.2368   19.1678   -46.1701    9.2140    0.6979    0.0542
 3.6900   16.1699   19.2311   -46.5925    9.2147    0.6925    0.0542
 3.7000   16.1025   19.2939   -47.0117    9.2153    0.6872    0.0542
 3.7100   16.0346   19.3563   -47.4275    9.2159    0.6819    0.0541
 3.7200   15.9663   19.4181   -47.8401    9.2165    0.6765    0.0541
 3.7300   15.8975   19.4795   -48.2494    9.2171    0.6712    0.0541
 3.7400   15.8283   19.5404   -48.6555    9.2177    0.6659    0.0540
 3.7500   15.7587   19.6008   -49.0583    9.2182    0.6606    0.0540
 3.7600   15.6886   19.6607   -49.4578    9.2188    0.6553    0.0539
 3.7700   15.6181   19.7202   -49.8541    9.2193    0.6500    0.0539
 3.7800   15.5473   19.7791   -50.2472    9.2199    0.6447    0.0539
 3.7900   15.4760   19.8376   -50.6370    9.2204    0.6395    0.0538
 3.8000   15.4043   19.8956   -51.0236    9.2209    0.6342    0.0538
 3.8100   15.3322   19.9531   -51.4070    9.2214    0.6290    0.0537
 3.8200   15.2598   20.0102   -51.7872    9.2219    0.6238    0.0537
 3.8300   15.1869   20.0667   -52.1642    9.2223    0.6186    0.0537
 3.8400   15.1137   20.1228   -52.5380    9.2228    0.6134    0.0536
 3.8500   15.0401   20.1785   -52.9087    9.2233    0.6082    0.0536
 3.8600   14.9662   20.2336   -53.2762    9.2237    0.6031    0.0536
 3.8700   14.8919   20.2883   -53.6406    9.2241    0.5980    0.0535
 3.8800   14.8173   20.3425   -54.0018    9.2245    0.5929    0.0535
 3.8900   14.7423   20.3963   -54.3599    9.2250    0.5878    0.0534
 3.9000   14.6670   20.4496   -54.7149    9.2254    0.5827    0.0534
 3.9100   14.5914   20.5024   -55.0669    9.2257    0.5776    0.0534
 3.9200   14.5154   20.5548   -55.4157    9.2261    0.5726    0.0533
 3.9300   14.4392   20.6067   -55.7615    9.2265    0.5676    0.0533
 3.9400   14.3626   20.6581   -56.1043    9.2269    0.5626    0.0533
 3.9500   14.2857   20.7091   -56.4440    9.2272    0.5577    0.0532
 3.9600   14.2085   20.7597   -56.7807    9.2276    0.5528    0.0532
 3.9700   14.1310   20.8098   -57.1144    9.2279    0.5478    0.0531
 3.9800   14.0532   20.8595   -57.4451    9.2282    0.5430    0.0531
 3.9900   13.9751   20.9087   -57.7728    9.2285    0.5381    0.0531
 4.0000   13.8968   20.9574   -58.0976    9.2288    0.5333    0.0530
 4.0100   13.8182   21.0058   -58.4195    9.2291    0.5285    0.0530
 4.0200   13.7393   21.0537   -58.7384    9.2294    0.5237    0.0530
 4.0300   13.6601   21.1011   -59.0544    9.2297    0.5189    0.0529
 4.0400   13.5807   21.1482   -59.3676    9.2300    0.5142    0.0529
 4.0500   13.5010   21.1948   -59.6778    9.2303    0.5095    0.0528
 4.0600   13.4211   21.2409   -59.9853    9.2305    0.5049    0.0528
 4.0700   13.3409   21.2867   -60.2898    9.2308    0.5002    0.0528
 4.0800   13.2605   21.3320   -60.5916    9.2310    0.4956    0.0527
 4.0900   13.1798   21.3769   -60.8906    9.2312    0.4910    0.0527
 4.1000   13.0990   21.4214   -61.1868    9.2315    0.4865    0.0526
 4.1100   13.0178   21.4655   -61.4803    9.2317    0.4820    0.0526
 4.1200   12.9365   21.5091   -61.7709    9.2319    0.4775    0.0526
 4.1300   12.8549   21.5524   -62.0589    9.2321    0.4730    0.0525
 4.1400   12.7732   21.5953   -62.3442    9.2323    0.4686    0.0525
 4.1500   12.6912   21.6377   -62.6268    9.2325    0.4642    0.0525
 4.1600   12.6090   21.6798   -62.9067    9.2327    0.4598    0.0524
 4.1700   12.5266   21.7214   -63.1839    9.2329    0.4554    0.0524
 4.1800   12.4440   21.7627   -63.4586    9.2330    0.4511    0.0523
 4.1900   12.3612   21.8035   -63.7306    9.2332    0.4468    0.0523
 4.2000   12.2782   21.8440   -64.0000    9.2334    0.4426    0.0523
 4.2100   12.1950   21.8841   -64.2669    9.2335    0.4384    0.0522
 4.2200   12.1117   21.9238   -64.5312    9.2337    0.4342    0.0522
 4.2300   12.0281   21.9631   -64.7929    9.2338    0.4300    0.0522
 4.2400   11.9444   22.0021   -65.0522    9.2340    0.4259    0.0521
 4.2500   11.8605   22.0407   -65.3089    9.2341    0.4218    0.0521
 4.2600   11.7764   22.0789   -65.5632    9.2342    0.4177    0.0520
 4.2700   11.6922   22.1167   -65.8150    9.2343    0.4137    0.0520
 4.2800   11.6078   22.1542   -66.0643    9.2345    0.4097    0.0520
 4.2900   11.5232   22.1913   -66.3113    9.2346    0.4057    0.0519
 4.3000   11.4385   22.2280   -66.5558    9.2347    0.4018    0.0519
 4.3100   11.3536   22.2644   -66.7980    9.2348    0.3979    0.0519
 4.3200   11.2686   22.3004   -67.0378    9.2349    0.3940    0.0518
 4.3300   11.1834   22.3361   -67.2752    9.2350    0.3901    0.0518
 4.3400   11.0981   22.3714   -67.5103    9.2350    0.3863    0.0517
 4.3500   11.0126   22.4064   -67.7431    9.2351    0.3825    0.0517
 4.3600   10.9270   22.4410   -67.9736    9.2352    0.3788    0.0517
 4.3700   10.8412   22.4753   -68.2019    9.2353    0.3750    0.0516
 4.3800   10.7554   22.5093   -68.4279    9.2353    0.3713    0.0516
 4.3900   10.6693   22.5429   -68.6517    9.2354    0.3677    0.0515
 4.4000   10.5832   22.5762   -68.8732    9.2355    0.3640    0.0515
 4.4100   10.4969   22.6091   -69.0926    9.2355    0.3604    0.0515
 4.4200   10.4105   22.6418   -69.3098    9.2356    0.3569    0.0514
 4.4300   10.3240   22.6741   -69.5248    9.2356    0.3533    0.0514
 4.4400   10.2374   22.7061   -69.7377    9.2356    0.3498    0.0514
 4.4500   10.1506   22.7377   -69.9484    9.2357    0.3463    0.0513
 4.4600   10.0637   22.7691   -70.1571    9.2357    0.3429    0.0513
 4.4700    9.9767   22.8001   -70.3637    9.2357    0.3394    0.0512
 4.4800    9.8896   22.8308   -70.5682    9.2358    0.3360    0.0512
 4.4900    9.8024   22.8613   -70.7707    9.2358    0.3327    0.0512
 4.5000    9.7151   22.8914   -70.9711    9.2358    0.3294    0.0511
 4.5100    9.6277   22.9212   -71.1695    9.2358    0.3260    0.0511
 4.5200    9.5402   22.9507   -71.3660    9.2358    0.3228    0.0511
 4.5300    9.4526   22.9799   -71.5604    9.2359    0.3195    0.0510
 4.5400    9.3649   23.0088   -71.7529    9.2359    0.3163    0.0510
 4.5500    9.2771   23.0374   -71.9435    9.2359    0.3131    0.0509
 4.5600    9.1892   23.0658   -72.1321    9.2359    0.3100    0.0509
 4.5700    9.1012   23.0938   -72.3188    9.2359    0.3068    0.0509
 4.5800    9.0131   23.1216   -72.5037    9.2359    0.3037    0.0508
 4.5900    8.9249   23.1491   -72.6866    9.2358    0.3006    0.0508
 4.6000    8.8366   23.1763   -72.8677    9.2358    0.2976    0.0508
 4.6100    8.7483   23.2032   -73.0470    9.2358    0.2946    0.0507
 4.6200    8.6599   23.2299   -73.2245    9.2358    0.2916    0.0507
 4.6300    8.5714   23.2563   -73.4001    9.2358    0.2886    0.0506
 4.6400    8.4828   23.2824   -73.5740    9.2358    0.2857    0.0506
 4.6500    8.3941   23.3082   -73.7461    9.2357    0.2828    0.0506
 4.6600    8.3054   23.3338   -73.9164    9.2357    0.2799    0.0505
 4.6700    8.2165   23.3591   -74.0850    9.2357    0.2770    0.0505
 4.6800    8.1277   23.3842   -74.2519    9.2356    0.2742    0.0504
 4.6900    8.0387   23.4090   -74.4171    9.2356    0.2714    0.0504
 4.7000    7.9497   23.4336   -74.5806    9.2356    0.2686    0.0504
 4.7100    7.8606   23.4579   -74.7424    9.2355    0.2659    0.0503
 4.7200    7.7714   23.4819   -74.9025    9.2355    0.2632    0.0503
 4.7300    7.6822   23.5057   -75.0611    9.2354    0.2605    0.0503
 4.7400    7.5929   23.5293   -75.2179    9.2354    0.2578    0.0502
 4.7500    7.5035   23.5526   -75.3732    9.2353    0.2551    0.0502
 4.7600    7.4141   23.5757   -75.5269    9.2353    0.2525    0.0501
 4.7700    7.3246   23.5986   -75.6790    9.2352    0.2499    0.0501
 4.7800    7.2351   23.6212   -75.8296    9.2352    0.2474    0.0501
 4.7900    7.1455   23.6435   -75.9786    9.2351    0.2448    0.0500
 4.8000    7.0558   23.6657   -76.1260    9.2351    0.2423    0.0500
 4.8100    6.9661   23.6876   -76.2720    9.2350    0.2398    0.0500
 4.8200    6.8763   23.7093   -76.4164    9.2349    0.2373    0.0499
 4.8300    6.7865   23.7308   -76.5593    9.2349    0.2349    0.0499
 4.8400    6.6966   23.7520   -76.7008    9.2348    0.2324    0.0498
 4.8500    6.6067   23.7730   -76.8408    9.2347    0.2300    0.0498
 4.8600    6.5167   23.7938   -76.9794    9.2347    0.2277    0.0498
 4.8700    6.4267   23.8144   -77.1165    9.2346    0.2253    0.0497
 4.8800    6.3366   23.8348   -77.2523    9.2345    0.2230    0.0497
 4.8900    6.2465   23.8550   -77.3866    9.2345    0.2207    0.0497
 4.9000    6.1564   23.8749   -77.5195    9.2344    0.2184    0.0496
 4.9100    6.0662   23.8947   -77.6510    9.2343    0.2161    0.0496
 4.9200    5.9759   23.9142   -77.7812    9.2342    0.2139    0.0495
 4.9300    5.8856   23.9336   -77.9100    9.2341    0.2116    0.0495
 4.9400    5.7953   23.9527   -78.0375    9.2341    0.2095    0.0495
 4.9500    5.7049   23.9716   -78.1637    9.2340    0.2073    0.0494
 4.9600    5.6145   23.9904   -78.2885    9.2339    0.2051    0.0494
 4.9700    5.5240   24.0089   -78.4121    9.2338    0.2030    0.0493
 4.9800    5.4335   24.0273   -78.5344    9.2337    0.2009    0.0493
 4.9900    5.3430   24.0454   -78.6554    9.2336    0.1988    0.0493
 5.0000    5.2524   24.0634   -78.7751    9.2335    0.1967    0.0492
 5.0100    5.1618   24.0812   -78.8936    9.2334    0.1947    0.0492
 5.0200    5.0712   24.0988   -79.0109    9.2334    0.1926    0.0492
 5.0300    4.9805   24.1162   -79.1269    9.2333    0.1906    0.0491
 5.0400    4.8898   24.1335   -79.2417    9.2332    0.1886    0.0491
 5.0500    4.7991   24.1505   -79.3554    9.2331    0.1867    0.0490
 5.0600    4.7083   24.1674   -79.4678    9.2330    0.1847    0.0490
 5.0700    4.6175   24.1841   -79.5791    9.2329    0.1828    0.0490
 5.0800    4.5267   24.2006   -79.6892    9.2328    0.1809    0.0489
 5.0900    4.4358   24.2170   -79.7982    9.2327    0.1790    0.0489
 5.1000    4.3449   24.2331   -79.9060    9.2326    0.1771    0.0489
 5.1100    4.2540   24.2492   -80.0127    9.2325    0.1753    0.0488
 5.1200    4.1630   24.2650   -80.1183    9.2324    0.1734    0.0488
 5.1300    4.0720   24.2807   -80.2228    9.2323    0.1716    0.0487
 5.1400    3.9810   24.2962   -80.3262    9.2322    0.1698    0.0487
 5.1500    3.8900   24.3115   -80.4285    9.2321    0.1680    0.0487
 5.1600    3.7989   24.3267   -80.5297    9.2319    0.1663    0.0486
 5.1700    3.7078   24.3418   -80.6299    9.2318    0.1645    0.0486
 5.1800    3.6167   24.3566   -80.7290    9.2317    0.1628    0.0486
 5.1900    3.5256   24.3714   -80.8271    9.2316    0.1611    0.0485
 5.2000    3.4344   24.3859   -80.9242    9.2315    0.1594    0.0485
 5.2100    3.3432   24.4003   -81.0202    9.2314    0.1577    0.0484
 5.2200    3.2520   24.4146   -81.1152    9.2313    0.1561    0.0484
 5.2300    3.1608   24.4287   -81.2093    9.2312    0.1545    0.0484
 5.2400    3.0696   24.4427   -81.3023    9.2311    0.1528    0.0483
 5.2500    2.9783   24.4565   -81.3944    9.2309    0.1512    0.0483
 5.2600    2.8870   24.4701   -81.4855    9.2308    0.1496    0.0482
 5.2700    2.7957   24.4837   -81.5757    9.2307    0.1481    0.0482
 5.2800    2.7044   24.4970   -81.6649    9.2306    0.1465    0.0482
 5.2900    2.6130   24.5103   -81.7532    9.2305    0.1450    0.0481
 5.3000    2.5216   24.5234   -81.8405    9.2304    0.1434    0.0481
 5.3100    2.4303   24.5363   -81.9269    9.2302    0.1419    0.0481
 5.3200    2.3388   24.5492   -82.0125    9.2301    0.1404    0.0480
 5.3300    2.2474   24.5619   -82.0971    9.2300    0.1390    0.0480
 5.3400    2.1560   24.5744   -82.1808    9.2299    0.1375    0.0479
 5.3500    2.0645   24.5868   -82.2636    9.2298    0.1361    0.0479
 5.3600    1.9731   24.5991   -82.3456    9.2296    0.1346    0.0479
 5.3700    1.8816   24.6113   -82.4267    9.2295    0.1332    0.0478
 5.3800    1.7901   24.6233   -82.5070    9.2294    0.1318    0.0478
 5.3900    1.6985   24.6352   -82.5864    9.2293    0.1304    0.0478
 5.4000    1.6070   24.6470   -82.6650    9.2292    0.1290    0.0477
 5.4100    1.5154   24.6587   -82.7428    9.2290    0.1277    0.0477
 5.4200    1.4239   24.6702   -82.8197    9.2289    0.1263    0.0476
 5.4300    1.3323   24.6816   -82.8958    9.2288    0.1250    0.0476
 5.4400    1.2407   24.6929   -82.9711    9.2287    0.1237    0.0476
 5.4500    1.1491   24.7041   -83.0457    9.2285    0.1224    0.0475
 5.4600    1.0575   24.7152   -83.1194    9.2284    0.1211    0.0475
 5.4700    0.9659   24.7261   -83.1924    9.2283    0.1198    0.0475
 5.4800    0.8742   24.7369   -83.2646    9.2282    0.1185    0.0474
 5.4900    0.7826   24.7476   -83.3360    9.2280    0.1173    0.0474
 5.5000    0.6909   24.7582   -83.4067    9.2279    0.1161    0.0473
 5.5100    0.5992   24.7687   -83.4766    9.2278    0.1148    0.0473
 5.5200    0.5075   24.7791   -83.5458    9.2276    0.1136    0.0473
 5.5300    0.4158   24.7893   -83.6143    9.2275    0.1124    0.0472
 5.5400    0.3241   24.7995   -83.6821    9.2274    0.1112    0.0472
 5.5500    0.2324   24.8095   -83.7491    9.2273    0.1101    0.0471
 5.5600    0.1406   24.8195   -83.8154    9.2271    0.1089    0.0471
 5.5700    0.0489   24.8293   -83.8811    9.2270    0.1077    0.0471
 5.5800   -0.0429   24.8390   -83.9460    9.2269    0.1066    0.0470
